F F F F F F F F F F F F F F FB F F F F F F F F F F F F F 
1 2 3 4 5 6 7 8 9 10 11 12 F B 15 16 17 18 19 20 21 22 23 24 25 F 27 B 
1 2 3 F 5 B 7 F 9 10 11 FB 13 14 15 F 17 B 19 F 21 22 23 FB 25 26 27 
1 2 3 4 5 6 7 8 B 10 11 12 F 14 15 16 17 B 19 20 21 
1 F 3 F 5 F 7 FB 9 F 11 F 13 F 15 FB 17 F 19 F 21 F 23 FB 25 F 27 F 29 F 
1 2 3 4 5 6 7 B 9 10 11 12 13 F 15 B 17 18 19 20 21 22 23 B 25 26 27 F 29 
1 2 3 4 5 6 B 8 F 10 11 12 13 B 15 16 17 F 19 20 B 22 23 24 
1 2 3 4 5 6 7 8 F 10 11 12 13 14 15 16 17 FB 19 20 21 22 23 24 25 26 
1 2 3 4 F 6 7 8 9 F B 12 13 14 F 16 17 18 19 F 21 B 23 24 F 26 27 28 29 F 
1 2 3 B 5 6 7 B 9 10 F B 13 14 15 B 17 18 19 B 21 F 23 B 25 26 27 B 
1 2 3 4 5 6 7 8 9 10 B 12 13 F 15 16 17 18 19 20 
1 2 3 4 5 B 7 8 9 10 11 B 13 14 F 16 17 B 19 20 
1 2 3 4 5 6 F B 9 10 11 12 13 F 15 B 17 18 19 20 F 22 23 B 25 26 27 F 
1 2 3 4 5 FB 7 8 9 10 11 FB 13 14 15 16 17 FB 19 20 21 22 23 FB 25 26 
1 2 3 4 B 6 7 8 F B 11 12 13 14 B 16 17 F 19 B 21 22 23 24 B 26 F 28 29 
1 2 F 4 5 F 7 8 F 10 11 F 13 14 FB 16 17 F 19 20 F 22 
1 2 F 4 5 F 7 8 F 10 11 F 13 B F 16 17 F 19 20 F 
1 F 3 F 5 F 7 FB 9 F 11 F 13 F 15 FB 17 F 19 F 21 
1 2 3 4 5 6 7 8 F 10 11 12 13 14 B 16 17 F 19 20 21 22 23 24 25 
1 2 3 4 5 6 7 8 9 10 11 12 B 14 15 16 F 18 19 20 21 22 23 24 25 B 27 28 29 
F F F F F F F F F F F F F F FB F F F F F F F F F F F F F 
1 2 3 4 5 6 7 8 9 10 11 12 F B 15 16 17 18 19 20 21 22 23 24 25 F 27 B 
1 2 3 F 5 B 7 F 9 10 11 FB 13 14 15 F 17 B 19 F 21 22 23 FB 25 26 27 
1 2 3 4 5 6 7 8 B 10 11 12 F 14 15 16 17 B 19 20 21 
1 F 3 F 5 F 7 FB 9 F 11 F 13 F 15 FB 17 F 19 F 21 F 23 FB 25 F 27 F 29 F 
1 2 3 4 5 6 7 B 9 10 11 12 13 F 15 B 17 18 19 20 21 22 23 B 25 26 27 F 29 
1 2 3 4 5 6 B 8 F 10 11 12 13 B 15 16 17 F 19 20 B 22 23 24 
1 2 3 4 5 6 7 8 F 10 11 12 13 14 15 16 17 FB 19 20 21 22 23 24 25 26 
1 2 3 4 F 6 7 8 9 F B 12 13 14 F 16 17 18 19 F 21 B 23 24 F 26 27 28 29 F 
1 2 3 B 5 6 7 B 9 10 F B 13 14 15 B 17 18 19 B 21 F 23 B 25 26 27 B 
1 2 3 4 5 6 7 8 9 10 B 12 13 F 15 16 17 18 19 20 
1 2 3 4 5 B 7 8 9 10 11 B 13 14 F 16 17 B 19 20 
1 2 3 4 5 6 F B 9 10 11 12 13 F 15 B 17 18 19 20 F 22 23 B 25 26 27 F 
1 2 3 4 5 FB 7 8 9 10 11 FB 13 14 15 16 17 FB 19 20 21 22 23 FB 25 26 
1 2 3 4 B 6 7 8 F B 11 12 13 14 B 16 17 F 19 B 21 22 23 24 B 26 F 28 29 
1 2 F 4 5 F 7 8 F 10 11 F 13 14 FB 16 17 F 19 20 F 22 
1 2 F 4 5 F 7 8 F 10 11 F 13 B F 16 17 F 19 20 F 
1 F 3 F 5 F 7 FB 9 F 11 F 13 F 15 FB 17 F 19 F 21 
1 2 3 4 5 6 7 8 F 10 11 12 13 14 B 16 17 F 19 20 21 22 23 24 25 
1 2 3 4 5 6 7 8 9 10 11 12 B 14 15 16 F 18 19 20 21 22 23 24 25 B 27 28 29 
1 2 3 4 F 6 7 8 9 F 11 12 13 14 F B 17 18 19 F 21 22 23 
1 2 3 4 5 6 7 8 9 10 11 12 F 14 B 16 17 18 19 20 21 22 23 24 25 F 
1 2 3 4 5 6 7 8 B 10 11 12 13 14 15 16 F B 19 20 21 22 23 24 25 26 B 28 29 
1 2 3 4 5 6 7 8 9 10 B 12 13 14 15 16 17 18 F 20 21 
1 2 3 4 5 6 7 8 9 10 11 F 13 14 15 16 B 18 19 20 21 
1 2 3 4 B 6 7 8 9 B 11 12 13 14 B F 17 18 19 B 21 22 23 24 B 26 27 28 29 B 
1 2 B 4 5 B 7 8 B 10 11 B F 14 B 16 17 B 19 20 B 22 23 
1 F 3 F 5 F 7 F 9 F 11 F 13 F 15 F 17 F B F 21 F 
1 2 3 F 5 6 7 F 9 10 11 F 13 14 15 F B 18 19 F 21 22 23 F 25 26 27 
1 2 3 4 5 6 7 8 9 10 11 12 13 14 15 16 F B 19 20 21 22 23 
1 2 3 4 5 6 7 8 9 10 B 12 13 14 F 16 17 18 19 20 21 B 23 24 25 26 27 
1 2 B 4 5 B 7 8 B 10 F B 13 14 B 16 17 B 19 20 B F 23 
1 2 3 4 5 6 7 8 9 B 11 12 F 14 15 16 17 18 19 B 21 22 23 24 25 
1 2 3 4 5 6 7 8 9 10 11 F B 14 15 16 17 18 19 20 21 22 23 F 25 B 27 28 
1 B 3 B 5 B F B 9 B 11 B 13 FB 15 B 17 B 19 B F B 23 B 25 B 27 
1 2 3 4 5 6 F 8 9 10 11 B 13 F 15 16 17 18 19 20 F 22 23 B 25 26 27 
1 2 B 4 F B 7 8 B F 11 B 13 14 FB 16 17 B 19 F B 22 
1 2 F 4 B F 7 8 F B 11 F 13 14 FB 16 17 F 19 B F 22 23 F B 26 
1 2 3 B 5 6 7 FB 9 10 11 B 13 14 15 FB 17 18 19 B 21 22 
1 2 3 4 5 6 7 B 9 10 11 12 13 F 15 B 17 18 19 20 21 22 23 B 25 26 27 F 29 30 
